Intervalos com sinal:16,1448.8670881612095
17,1521.4513400503772
18,1552.4043224181357
19,1533.2115062972284
20,1523.053083123426
21,1493.1398287153656
22,1487.3791738035254
23,1500.3055214105793
24,1509.2696624685132
25,1509.410166246852
26,1515.1146196473558
27,1518.7396171284643
28,1517.643687657432
29,1521.7182972292198
30,1514.8898136020161
31,1514.5807052896735
32,1510.2110377833749
33,1505.8694710327459
34,1511.3210176322425
35,1518.4024080604536
36,1520.8471738035269
37,1523.376241813602
38,1516.6601612090678
39,1492.9009722921912
40,1497.5235465994965
41,1495.8234508816115
42,1486.8733602015109
43,1481.7871234256922
44,1537.454720403022
45,1593.7967355163737
46,1596.2977027707811
47,1660.1285692695214
48,1677.8039445843824
49,1655.6745994962218
50,1619.3262720403018
51,1624.2720050377836
52,1522.6315717884124
53,1481.0705541561713
69,1438.5260100755668
71,1461.371924433249
75,1448.7125340050384
76,1508.3844886649872
77,1497.1441863979853
78,1524.6126750629712
79,1539.9556876574302
80,1538.3398942065492
81,1528.3360251889164
82,1510.323440806046
83,1509.087007556675
84,1513.18971788413
85,1511.686327455918
86,1506.9232493702775
87,1492.4794609571777
88,1485.7633803526448
89,1479.2018539042817
90,1490.0206448362726
91,1502.0899193954663
92,1511.2226649874058
93,1512.599602015114
94,1514.1310931989917
95,1519.9057984886656
96,1518.9082216624695
97,1521.9852544080609
98,1521.4372896725445
99,1523.123335012594
100,1514.3980503778337
101,1518.7396171284636
102,1541.4731284634754
103,1500.4038740554156
104,1596.9861712846346
105,1620.4924534005038
106,1631.0161863979845
107,1625.0869269521409
108,1613.9871284634764
109,1638.083526448363
110,1591.4503224181356
111,1575.2361863979845
112,1475.5487556675064
131,1445.2982921914354
133,1453.5177632241812
136,1456.6509974811079
137,1456.7493501259444
138,1485.8476826196475
139,1483.501269521411
140,1523.938256926952
141,1557.7856171284643
142,1590.045284634761
143,1578.6223274559202
144,1541.4309773299758
145,1533.6330176322422
146,1501.5981561712852
147,1518.2197531486156
148,1539.506075566751
149,1531.7081158690166
150,1533.829722921914
151,1526.2003677581868
152,1529.853465994961
153,1530.4997833753139
154,1525.4135465994968
155,1517.109773299748
156,1519.6950428211578
157,1529.403853904282
158,1524.2895163727962
159,1528.2095717884135
160,1522.1538589420652
161,1508.2861360201507
162,1521.64804534005
163,1517.8544433249365
164,1532.5932896725449
165,1628.3185138539045
166,1646.4716020151134
167,1668.0670327455914
168,1653.1455314861469
169,1648.0592947103275
170,1577.695002518892
171,1561.8461763224175
172,1483.68392443325
187,1453.4756120906795
190,1446.9281360201514
191,1494.123355163728
192,1478.710090680101
193,1491.4256826196468
194,1474.284221662468
195,1510.0283828715367
196,1510.7590025188913
197,1489.1214206549118
198,1549.397541561712
199,1568.8994659949622
200,1613.6218186397994
201,1613.7061209068
202,1611.823370277078
203,1622.333052896725
204,1611.6688161209065
205,1593.122317380354
206,1546.7560705289663
207,1503.1015465994967
208,1489.3602770780853
209,1489.556982367758
210,1496.6383727959694
211,1513.3864231738037
212,1520.538065491183
213,1529.4600554156164
214,1535.0661561712852
215,1535.7686750629725
216,1534.2933853904294
217,1538.0869874055418
218,1531.7502670025187
219,1528.392226700251
220,1535.6984231738043
221,1529.2492997481106
222,1493.729944584382
223,1528.729435768262
224,1535.2347607052889
225,1592.2090428211584
226,1640.4158891687653
227,1687.2036473551634
228,1674.712861460957
229,1657.9086095717885
230,1611.7109672544082
231,1623.6397380352637
232,1501.1906952141053
233,1460.6272544080607
252,1476.4760806045335
253,1446.4785239294706
254,1455.2740604534004
255,1447.0405390428202
256,1454.023576826197
257,1458.5758992443327
258,1460.1776423173806
259,1450.9184433249372
260,1476.8554408060445
261,1500.207168765743
262,1542.4847556675056
263,1564.9091586901766
264,1571.3161309823686
265,1561.9585793450885
266,1545.084075566751
267,1533.9702267002524
268,1535.220710327457
269,1534.6024937027698
270,1513.4707254408058
271,1494.8961259445857
272,1482.9392544080606
273,1468.5235667506297
274,1470.195561712848
275,1478.611738035264
276,1485.7493299748112
277,1490.3578539042833
278,1502.750287153652
279,1498.3525188916883
280,1504.1131738035267
281,1513.2459193954658
282,1539.3374710327457
283,1522.3786649874057
284,1533.9280755667505
285,1520.678569269522
286,1513.189717884131
287,1597.1828765743076
288,1599.5854911838794
289,1651.0801259445848
290,1627.3068866498738
291,1594.9629168765744
292,1561.0172040302268
293,1578.8892846347603
294,1530.738639798489
295,1491.327329974811
296,1442.460115869018
297,1467.4697884130978
313,1442.3055617128466
317,1450.8622418136024
319,1463.9431435768267
320,1457.9576826196476
321,1486.5221007556677
322,1540.784659949621
323,1549.8752544080603
324,1550.6339748110831
325,1549.580196473552
326,1538.8176070528957
327,1546.0254508816115
328,1530.2187758186403
329,1522.39271536524
330,1504.731390428213
331,1495.4019395465991
332,1476.6868362720402
333,1454.501289672545
334,1446.0289118387914
335,1468.8607758186397
336,1488.264347607053
337,1494.1514559193965
338,1500.1931183879087
339,1505.6165642317383
340,1513.077314861462
341,1511.658226700251
342,1520.6504685138539
343,1527.4087002518902
344,1532.2279798488678
345,1525.4135465994966
346,1539.0283627204035
347,1522.0695566750635
348,1530.5981360201508
349,1583.9052695214104
350,1593.5578790931986
351,1614.225984886649
352,1618.160090680101
353,1640.7249974811086
354,1584.4391838790934
355,1576.6412241813605
356,1535.23476070529
357,1483.1921612090678
381,1448.333173803527
382,1456.6369471032754
383,1510.295340050378
384,1562.9421057934524
385,1553.7110075566757
386,1552.6291284634758
387,1544.9997732997476
388,1555.8747657430742
389,1548.2313602015122
390,1545.2807808564214
391,1541.1218690176327
392,1526.2565692695214
393,1497.1441863979853
394,1474.649531486147
395,1455.0914055415622
396,1451.0308463476063
397,1461.245471032745
398,1472.8791838790949
399,1476.546332493704
400,1490.681012594459
401,1505.5603627204027
402,1511.3631687657432
403,1511.658226700252
404,1510.2391385390424
405,1490.1049471032745
406,1524.219264483627
407,1477.459607052896
408,1468.4814156171283
409,1534.9397027707812
410,1562.6329974811085
411,1659.7632594458444
412,1703.0243727959705
413,1689.0161460957172
414,1676.567511335012
415,1640.0505793450873
416,1537.7778790931989
417,1516.0981460957182
418,1450.9184433249366
430,1487.491576826196
431,1440.6897682619651
432,1472.4717229219145
433,1457.9436322418137
434,1458.3932443324939
435,1446.014861460957
436,1453.3913098236776
437,1471.9659093198989
438,1466.6408161209065
439,1456.299738035264
440,1458.3510931989917
442,1467.2168816120902
443,1442.7832745591932
445,1489.2057229219145
446,1506.6141410579337
447,1536.3728413098238
448,1532.3263324937027
449,1541.065667506297
450,1533.1272040302263
451,1529.0806952141058
452,1518.9082216624695
453,1507.8084231738048
454,1476.6165843828712
455,1459.2081662468509
456,1447.349647355163
457,1449.5415062972295
458,1459.5453753148606
459,1475.225596977331
460,1485.5245239294718
461,1495.73914861461
462,1528.7153853904276
463,1529.4460050377832
464,1532.7197430730482
465,1529.6286599496225
466,1557.8558690176317
467,1535.7124735516377
468,1510.9276070528963
469,1525.4556977329976
470,1534.911602015114
471,1599.1358790931993
472,1669.1067607052903
473,1742.4497329974809
474,1686.1920201511325
475,1713.534055415617
476,1635.4280050377838
477,1642.509395465995
478,1579.7604080604535
479,1528.6170327455918
480,1455.344312342568
488,1457.8452795969774
490,1461.4983778337526
491,1486.0865390428212
492,1528.6872846347615
493,1472.527924433249
494,1499.7294559193956
495,1505.2793551637283
496,1518.753667506298
497,1487.5899294710325
498,1514.0889420654908
499,1510.7871032745595
500,1519.905798488665
501,1532.3825340050378
502,1528.1674206549112
503,1557.8558690176321
504,1586.040926952142
505,1578.5801763224185
506,1594.34470025189
507,1586.1954811083117
508,1586.5748413098224
509,1600.1615566750627
510,1587.5443173803524
511,1585.4929622166258
512,1567.606831234258
513,1552.193566750629
514,1527.380599496221
515,1509.3961158690183
516,1486.7047556675075
517,1469.1136826196462
518,1457.8171788413106
519,1461.4983778337526
520,1467.3714357682613
521,1473.8205591939557
522,1493.6315919395465
523,1494.952327455919
524,1508.7778992443325
525,1513.9624886649876
526,1516.041944584383
527,1518.1214005037773
528,1506.2909823677578
529,1527.6475566750628
530,1497.8607556675063
531,1532.8461964735511
532,1504.984297229219
533,1643.703677581864
534,1605.4725994962216
535,1587.7410226700258
536,1595.6092342569266
537,1473.1601914357677
538,1518.4024080604538
551,1445.7760050377838
552,1454.9368513853901
553,1462.2008967254403
554,1487.9833400503776
555,1467.3854861460961
556,1467.540040302266
557,1482.6020453400508
558,1473.9470125944583
559,1511.0962115869022
560,1500.7832342569277
561,1512.8384584382864
562,1535.2628614609573
563,1573.803047858942
564,1566.5249521410585
565,1539.8994861460967
566,1518.528861460957
567,1535.333113350126
568,1577.821455919397
569,1579.8306599496218
570,1567.944040302266
571,1540.011889168765
572,1524.5986246851396
573,1504.3801309823677
574,1486.1005894206546
575,1470.603022670025
576,1468.8326750629726
577,1471.4881964735514
578,1474.818136020151
579,1492.971224181361
580,1512.0375869017648
581,1526.0879647355157
582,1533.6049168765742
583,1529.5162569269514
584,1540.2928967254409
585,1528.9823425692696
586,1530.190675062972
587,1490.0768463476065
588,1524.5143224181354
589,1540.9392141057938
590,1595.3141763224182
591,1669.6968765743075
592,1709.9090579345084
593,1684.1547153652393
594,1694.6924987405541
595,1618.806408060453
596,1645.4740251889173
597,1492.915022670025
598,1509.873828715365
616,1439.4111838790934
619,1445.7338539042823
621,1462.5662065491183
622,1461.006614609572
623,1469.9848060453403
624,1507.8786750629722
625,1532.5230377833752
626,1535.122357682619
627,1565.6819294710324
628,1593.234720403024
629,1613.7342216624686
630,1633.6857581863985
631,1607.1586448362725
632,1574.7163224181347
633,1533.9842770780847
634,1523.601047858941
635,1519.8355465994975
636,1493.3646347607064
637,1493.9266498740565
638,1502.9750931989922
639,1507.8786750629724
640,1525.1044382871548
641,1536.1761360201513
642,1552.6010277078074
643,1572.4963627204029
644,1569.1102216624681
645,1585.2541057934507
646,1582.7531385390423
647,1597.562236775819
648,1554.1746700251888
649,1522.1257581863977
650,1532.2420302267003
651,1565.8645843828715
652,1697.9802871536522
653,1769.8479697733005
654,1758.706020151133
655,1728.8208664987408
656,1663.135350125944
657,1664.919748110831
658,1583.5399596977334
659,1559.5840654911842
660,1500.8675365239294
669,1448.3893753148618
670,1481.4499143576834
671,1446.4785239294704
673,1450.1035214105798
674,1456.4121410579346
684,1455.3724130982362
686,1489.7115365239306
687,1462.1165944584384
688,1490.8215163727955
689,1532.9867002518897
690,1520.8612241813594
691,1541.3045239294704
692,1560.469239294711
693,1574.2667103274562
694,1578.495874055414
695,1533.8437732997472
696,1524.2473652392935
697,1522.3927153652385
698,1521.8869017632253
